{
 "cells": [
  {
   "cell_type": "code",
   "execution_count": 34,
   "metadata": {},
   "outputs": [],
   "source": [
    "import mne\n",
    "import numpy as np\n",
    "from pprint import pprint\n",
    "from collections import Counter\n",
    "import matplotlib.pyplot as plt\n",
    "import pandas as pd"
   ]
  },
  {
   "cell_type": "code",
   "execution_count": 35,
   "metadata": {},
   "outputs": [],
   "source": [
    "import sys\n",
    "sys.path.append('..')\n",
    "\n",
    "from dataset.dataSet import OpenFMRIDataSet\n",
    "from dotenv import load_dotenv\n",
    "import os\n",
    "\n",
    "load_dotenv()\n",
    "dataset_path = os.getenv(\"DATASET_PATH\")"
   ]
  },
  {
   "cell_type": "code",
   "execution_count": 12,
   "metadata": {},
   "outputs": [
    {
     "name": "stdout",
     "output_type": "stream",
     "text": [
      "Opening raw data file /srv/synaptech_openfmri//test/sub-06/run_01.fif...\n",
      "    Range : 132000 ... 669899 =    120.000 ...   608.999 secs\n",
      "Ready.\n",
      "Reading 0 ... 537899  =      0.000 ...   488.999 secs...\n"
     ]
    },
    {
     "name": "stderr",
     "output_type": "stream",
     "text": [
      "/tmp/ipykernel_400446/3900049428.py:5: RuntimeWarning: This filename (/srv/synaptech_openfmri//test/sub-06/run_01.fif) does not conform to MNE naming conventions. All raw files should end with raw.fif, raw_sss.fif, raw_tsss.fif, _meg.fif, _eeg.fif, _ieeg.fif, raw.fif.gz, raw_sss.fif.gz, raw_tsss.fif.gz, _meg.fif.gz, _eeg.fif.gz or _ieeg.fif.gz\n",
      "  raw = mne.io.read_raw_fif(fif_file, preload=True)\n"
     ]
    },
    {
     "name": "stdout",
     "output_type": "stream",
     "text": [
      "<Raw | run_01.fif, 404 x 537900 (489.0 s), ~1.63 GB, data loaded>\n"
     ]
    }
   ],
   "source": [
    "#Replace with the path to your .fif file you want to explore\n",
    "fif_file = f'{dataset_path}/test/sub-06/run_01.fif'\n",
    "\n",
    "# Read the raw data with preloading\n",
    "raw = mne.io.read_raw_fif(fif_file, preload=True)\n",
    "print(raw)"
   ]
  },
  {
   "cell_type": "markdown",
   "metadata": {},
   "source": [
    "# Previewing the data"
   ]
  },
  {
   "cell_type": "markdown",
   "metadata": {},
   "source": [
    "#### Channel information"
   ]
  },
  {
   "cell_type": "code",
   "execution_count": 36,
   "metadata": {},
   "outputs": [
    {
     "name": "stdout",
     "output_type": "stream",
     "text": [
      "Total number of channels: 404\n",
      "Channel types: Counter({'grad': 204, 'mag': 102, 'eeg': 74, 'misc': 12, 'chpi': 9, 'stim': 3})\n",
      "Channel names (404): ['MEG0113', 'MEG0112', 'MEG0111', 'MEG0122', 'MEG0123', 'MEG0121', 'MEG0132', 'MEG0133', 'MEG0131', 'MEG0143', 'MEG0142', 'MEG0141', 'MEG0213', 'MEG0212', 'MEG0211', 'MEG0222', 'MEG0223', 'MEG0221', 'MEG0232', 'MEG0233', 'MEG0231', 'MEG0243', 'MEG0242', 'MEG0241', 'MEG0313', 'MEG0312', 'MEG0311', 'MEG0322', 'MEG0323', 'MEG0321', 'MEG0333', 'MEG0332', 'MEG0331', 'MEG0343', 'MEG0342', 'MEG0341', 'MEG0413', 'MEG0412', 'MEG0411', 'MEG0422', 'MEG0423', 'MEG0421', 'MEG0432', 'MEG0433', 'MEG0431', 'MEG0443', 'MEG0442', 'MEG0441', 'MEG0513', 'MEG0512', 'MEG0511', 'MEG0523', 'MEG0522', 'MEG0521', 'MEG0532', 'MEG0533', 'MEG0531', 'MEG0542', 'MEG0543', 'MEG0541', 'MEG0613', 'MEG0612', 'MEG0611', 'MEG0622', 'MEG0623', 'MEG0621', 'MEG0633', 'MEG0632', 'MEG0631', 'MEG0642', 'MEG0643', 'MEG0641', 'MEG0713', 'MEG0712', 'MEG0711', 'MEG0723', 'MEG0722', 'MEG0721', 'MEG0733', 'MEG0732', 'MEG0731', 'MEG0743', 'MEG0742', 'MEG0741', 'MEG0813', 'MEG0812', 'MEG0811', 'MEG0822', 'MEG0823', 'MEG0821', 'MEG0913', 'MEG0912', 'MEG0911', 'MEG0923', 'MEG0922', 'MEG0921', 'MEG0932', 'MEG0933', 'MEG0931', 'MEG0942', 'MEG0943', 'MEG0941', 'MEG1013', 'MEG1012', 'MEG1011', 'MEG1023', 'MEG1022', 'MEG1021', 'MEG1032', 'MEG1033', 'MEG1031', 'MEG1043', 'MEG1042', 'MEG1041', 'MEG1112', 'MEG1113', 'MEG1111', 'MEG1123', 'MEG1122', 'MEG1121', 'MEG1133', 'MEG1132', 'MEG1131', 'MEG1142', 'MEG1143', 'MEG1141', 'MEG1213', 'MEG1212', 'MEG1211', 'MEG1223', 'MEG1222', 'MEG1221', 'MEG1232', 'MEG1233', 'MEG1231', 'MEG1243', 'MEG1242', 'MEG1241', 'MEG1312', 'MEG1313', 'MEG1311', 'MEG1323', 'MEG1322', 'MEG1321', 'MEG1333', 'MEG1332', 'MEG1331', 'MEG1342', 'MEG1343', 'MEG1341', 'MEG1412', 'MEG1413', 'MEG1411', 'MEG1423', 'MEG1422', 'MEG1421', 'MEG1433', 'MEG1432', 'MEG1431', 'MEG1442', 'MEG1443', 'MEG1441', 'MEG1512', 'MEG1513', 'MEG1511', 'MEG1522', 'MEG1523', 'MEG1521', 'MEG1533', 'MEG1532', 'MEG1531', 'MEG1543', 'MEG1542', 'MEG1541', 'MEG1613', 'MEG1612', 'MEG1611', 'MEG1622', 'MEG1623', 'MEG1621', 'MEG1632', 'MEG1633', 'MEG1631', 'MEG1643', 'MEG1642', 'MEG1641', 'MEG1713', 'MEG1712', 'MEG1711', 'MEG1722', 'MEG1723', 'MEG1721', 'MEG1732', 'MEG1733', 'MEG1731', 'MEG1743', 'MEG1742', 'MEG1741', 'MEG1813', 'MEG1812', 'MEG1811', 'MEG1822', 'MEG1823', 'MEG1821', 'MEG1832', 'MEG1833', 'MEG1831', 'MEG1843', 'MEG1842', 'MEG1841', 'MEG1912', 'MEG1913', 'MEG1911', 'MEG1923', 'MEG1922', 'MEG1921', 'MEG1932', 'MEG1933', 'MEG1931', 'MEG1943', 'MEG1942', 'MEG1941', 'MEG2013', 'MEG2012', 'MEG2011', 'MEG2023', 'MEG2022', 'MEG2021', 'MEG2032', 'MEG2033', 'MEG2031', 'MEG2042', 'MEG2043', 'MEG2041', 'MEG2113', 'MEG2112', 'MEG2111', 'MEG2122', 'MEG2123', 'MEG2121', 'MEG2133', 'MEG2132', 'MEG2131', 'MEG2143', 'MEG2142', 'MEG2141', 'MEG2212', 'MEG2213', 'MEG2211', 'MEG2223', 'MEG2222', 'MEG2221', 'MEG2233', 'MEG2232', 'MEG2231', 'MEG2242', 'MEG2243', 'MEG2241', 'MEG2312', 'MEG2313', 'MEG2311', 'MEG2323', 'MEG2322', 'MEG2321', 'MEG2332', 'MEG2333', 'MEG2331', 'MEG2343', 'MEG2342', 'MEG2341', 'MEG2412', 'MEG2413', 'MEG2411', 'MEG2423', 'MEG2422', 'MEG2421', 'MEG2433', 'MEG2432', 'MEG2431', 'MEG2442', 'MEG2443', 'MEG2441', 'MEG2512', 'MEG2513', 'MEG2511', 'MEG2522', 'MEG2523', 'MEG2521', 'MEG2533', 'MEG2532', 'MEG2531', 'MEG2543', 'MEG2542', 'MEG2541', 'MEG2612', 'MEG2613', 'MEG2611', 'MEG2623', 'MEG2622', 'MEG2621', 'MEG2633', 'MEG2632', 'MEG2631', 'MEG2642', 'MEG2643', 'MEG2641', 'EEG001', 'EEG002', 'EEG003', 'EEG004', 'EEG005', 'EEG006', 'EEG007', 'EEG008', 'EEG009', 'EEG010', 'EEG011', 'EEG012', 'EEG013', 'EEG014', 'EEG015', 'EEG016', 'EEG017', 'EEG018', 'EEG019', 'EEG020', 'EEG021', 'EEG022', 'EEG023', 'EEG024', 'EEG025', 'EEG026', 'EEG027', 'EEG028', 'EEG029', 'EEG030', 'EEG031', 'EEG032', 'EEG033', 'EEG034', 'EEG035', 'EEG036', 'EEG037', 'EEG038', 'EEG039', 'EEG040', 'EEG041', 'EEG042', 'EEG043', 'EEG044', 'EEG045', 'EEG046', 'EEG047', 'EEG048', 'EEG049', 'EEG050', 'EEG051', 'EEG052', 'EEG053', 'EEG054', 'EEG055', 'EEG056', 'EEG057', 'EEG058', 'EEG059', 'EEG060', 'EEG061', 'EEG062', 'EEG063', 'EEG064', 'EEG065', 'EEG066', 'EEG067', 'EEG068', 'EEG069', 'EEG070', 'EEG071', 'EEG072', 'EEG073', 'EEG074', 'STI101', 'STI201', 'STI301', 'MISC201', 'MISC202', 'MISC203', 'MISC204', 'MISC205', 'MISC206', 'MISC301', 'MISC302', 'MISC303', 'MISC304', 'MISC305', 'MISC306', 'CHPI001', 'CHPI002', 'CHPI003', 'CHPI004', 'CHPI005', 'CHPI006', 'CHPI007', 'CHPI008', 'CHPI009']\n"
     ]
    }
   ],
   "source": [
    "# number of channels\n",
    "n_channels = raw.info['nchan']\n",
    "print(f'Total number of channels: {n_channels}')\n",
    "\n",
    "# channel types \n",
    "channel_types = raw.get_channel_types()\n",
    "type_counts = Counter(channel_types)\n",
    "print(f'Channel types: {type_counts}')\n",
    "\n",
    "# channel names\n",
    "channel_names = raw.ch_names\n",
    "print(f'Channel names ({len(channel_names)}): {channel_names}')"
   ]
  },
  {
   "cell_type": "code",
   "execution_count": 37,
   "metadata": {},
   "outputs": [
    {
     "name": "stdout",
     "output_type": "stream",
     "text": [
      "Channel information: [{'scanno': 1, 'logno': 113, 'kind': 1 (FIFFV_MEG_CH), 'range': 1.9073486328125e-05, 'cal': 3.250000046861601e-09, 'coil_type': 3012 (FIFFV_COIL_VV_PLANAR_T1), 'loc': array([-0.1066    ,  0.0464    , -0.0604    , -0.01532829,  0.00619847,\n",
      "       -0.99986327, -0.18597366, -0.98255992, -0.00331254, -0.98243302,\n",
      "        0.185894  ,  0.016216  ]), 'unit': 201 (FIFF_UNIT_T_M), 'unit_mul': 0 (FIFF_UNITM_NONE), 'ch_name': 'MEG0113', 'coord_frame': 1 (FIFFV_COORD_DEVICE)}, {'scanno': 2, 'logno': 112, 'kind': 1 (FIFFV_MEG_CH), 'range': 1.9073486328125e-05, 'cal': 3.250000046861601e-09, 'coil_type': 3012 (FIFFV_COIL_VV_PLANAR_T1), 'loc': array([-0.1066    ,  0.0464    , -0.0604    , -0.18597366, -0.98255992,\n",
      "       -0.00331254,  0.01532829, -0.00619847,  0.99986327, -0.98243302,\n",
      "        0.185894  ,  0.016216  ]), 'unit': 201 (FIFF_UNIT_T_M), 'unit_mul': 0 (FIFF_UNITM_NONE), 'ch_name': 'MEG0112', 'coord_frame': 1 (FIFFV_COORD_DEVICE)}, {'scanno': 3, 'logno': 111, 'kind': 1 (FIFFV_MEG_CH), 'range': 1.9073486328125e-05, 'cal': 4.1400001482561066e-11, 'coil_type': 3024 (FIFFV_COIL_VV_MAG_T3), 'loc': array([-0.1066    ,  0.0464    , -0.0604    , -0.01532829,  0.00619847,\n",
      "       -0.99986327, -0.18597366, -0.98255992, -0.00331254, -0.98243302,\n",
      "        0.185894  ,  0.016216  ]), 'unit': 112 (FIFF_UNIT_T), 'unit_mul': 0 (FIFF_UNITM_NONE), 'ch_name': 'MEG0111', 'coord_frame': 1 (FIFFV_COORD_DEVICE)}, {'scanno': 4, 'logno': 122, 'kind': 1 (FIFFV_MEG_CH), 'range': 1.9073486328125e-05, 'cal': 3.250000046861601e-09, 'coil_type': 3012 (FIFFV_COIL_VV_PLANAR_T1), 'loc': array([-0.102     ,  0.0631    , -0.0256    ,  0.00876968,  0.00246315,\n",
      "       -0.99995357, -0.26106614, -0.96530998, -0.00467634, -0.96528   ,\n",
      "        0.261096  , -0.007823  ]), 'unit': 201 (FIFF_UNIT_T_M), 'unit_mul': 0 (FIFF_UNITM_NONE), 'ch_name': 'MEG0122', 'coord_frame': 1 (FIFFV_COORD_DEVICE)}, {'scanno': 5, 'logno': 123, 'kind': 1 (FIFFV_MEG_CH), 'range': 1.9073486328125e-05, 'cal': -3.250000046861601e-09, 'coil_type': 3012 (FIFFV_COIL_VV_PLANAR_T1), 'loc': array([-0.102     ,  0.0631    , -0.0256    , -0.26106614, -0.96530998,\n",
      "       -0.00467634, -0.00876968, -0.00246315,  0.99995357, -0.96528   ,\n",
      "        0.261096  , -0.007823  ]), 'unit': 201 (FIFF_UNIT_T_M), 'unit_mul': 0 (FIFF_UNITM_NONE), 'ch_name': 'MEG0123', 'coord_frame': 1 (FIFFV_COORD_DEVICE)}, {'scanno': 6, 'logno': 121, 'kind': 1 (FIFFV_MEG_CH), 'range': 1.9073486328125e-05, 'cal': 4.1400001482561066e-11, 'coil_type': 3024 (FIFFV_COIL_VV_MAG_T3), 'loc': array([-0.102     ,  0.0631    , -0.0256    ,  0.00876968,  0.00246315,\n",
      "       -0.99995357, -0.26106614, -0.96530998, -0.00467634, -0.96528   ,\n",
      "        0.261096  , -0.007823  ]), 'unit': 112 (FIFF_UNIT_T), 'unit_mul': 0 (FIFF_UNITM_NONE), 'ch_name': 'MEG0121', 'coord_frame': 1 (FIFFV_COORD_DEVICE)}, {'scanno': 7, 'logno': 132, 'kind': 1 (FIFFV_MEG_CH), 'range': 1.9073486328125e-05, 'cal': 3.250000046861601e-09, 'coil_type': 3012 (FIFFV_COIL_VV_PLANAR_T1), 'loc': array([-0.1085    ,  0.0302    , -0.0266    ,  0.0097918 ,  0.00164925,\n",
      "       -0.99991173, -0.08501281, -0.99637747, -0.00243875, -0.996324  ,\n",
      "        0.085029  , -0.009618  ]), 'unit': 201 (FIFF_UNIT_T_M), 'unit_mul': 0 (FIFF_UNITM_NONE), 'ch_name': 'MEG0132', 'coord_frame': 1 (FIFFV_COORD_DEVICE)}, {'scanno': 8, 'logno': 133, 'kind': 1 (FIFFV_MEG_CH), 'range': 1.9073486328125e-05, 'cal': -3.250000046861601e-09, 'coil_type': 3012 (FIFFV_COIL_VV_PLANAR_T1), 'loc': array([-0.1085    ,  0.0302    , -0.0266    , -0.08501281, -0.99637747,\n",
      "       -0.00243875, -0.0097918 , -0.00164925,  0.99991173, -0.996324  ,\n",
      "        0.085029  , -0.009618  ]), 'unit': 201 (FIFF_UNIT_T_M), 'unit_mul': 0 (FIFF_UNITM_NONE), 'ch_name': 'MEG0133', 'coord_frame': 1 (FIFFV_COORD_DEVICE)}, {'scanno': 9, 'logno': 131, 'kind': 1 (FIFFV_MEG_CH), 'range': 1.9073486328125e-05, 'cal': 4.1400001482561066e-11, 'coil_type': 3024 (FIFFV_COIL_VV_MAG_T3), 'loc': array([-0.1085    ,  0.0302    , -0.0266    ,  0.0097918 ,  0.00164925,\n",
      "       -0.99991173, -0.08501281, -0.99637747, -0.00243875, -0.996324  ,\n",
      "        0.085029  , -0.009618  ]), 'unit': 112 (FIFF_UNIT_T), 'unit_mul': 0 (FIFF_UNITM_NONE), 'ch_name': 'MEG0131', 'coord_frame': 1 (FIFFV_COORD_DEVICE)}, {'scanno': 10, 'logno': 143, 'kind': 1 (FIFFV_MEG_CH), 'range': 1.9073486328125e-05, 'cal': 3.250000046861601e-09, 'coil_type': 3012 (FIFFV_COIL_VV_PLANAR_T1), 'loc': array([-0.1099    ,  0.0131    , -0.0627    , -0.02380991,  0.0020753 ,\n",
      "       -0.99971467, -0.02667521, -0.99969208, -0.00150087, -0.999358  ,\n",
      "        0.02663   ,  0.023855  ]), 'unit': 201 (FIFF_UNIT_T_M), 'unit_mul': 0 (FIFF_UNITM_NONE), 'ch_name': 'MEG0143', 'coord_frame': 1 (FIFFV_COORD_DEVICE)}, {'scanno': 11, 'logno': 142, 'kind': 1 (FIFFV_MEG_CH), 'range': 1.9073486328125e-05, 'cal': 3.250000046861601e-09, 'coil_type': 3012 (FIFFV_COIL_VV_PLANAR_T1), 'loc': array([-0.1099    ,  0.0131    , -0.0627    , -0.02667521, -0.99969208,\n",
      "       -0.00150087,  0.02380991, -0.0020753 ,  0.99971467, -0.999358  ,\n",
      "        0.02663   ,  0.023855  ]), 'unit': 201 (FIFF_UNIT_T_M), 'unit_mul': 0 (FIFF_UNITM_NONE), 'ch_name': 'MEG0142', 'coord_frame': 1 (FIFFV_COORD_DEVICE)}, {'scanno': 12, 'logno': 141, 'kind': 1 (FIFFV_MEG_CH), 'range': 1.9073486328125e-05, 'cal': 4.1400001482561066e-11, 'coil_type': 3024 (FIFFV_COIL_VV_MAG_T3), 'loc': array([-0.1099    ,  0.0131    , -0.0627    , -0.02380991,  0.0020753 ,\n",
      "       -0.99971467, -0.02667521, -0.99969208, -0.00150087, -0.999358  ,\n",
      "        0.02663   ,  0.023855  ]), 'unit': 112 (FIFF_UNIT_T), 'unit_mul': 0 (FIFF_UNITM_NONE), 'ch_name': 'MEG0141', 'coord_frame': 1 (FIFFV_COORD_DEVICE)}, {'scanno': 13, 'logno': 213, 'kind': 1 (FIFFV_MEG_CH), 'range': 1.9073486328125e-05, 'cal': 3.250000046861601e-09, 'coil_type': 3012 (FIFFV_COIL_VV_PLANAR_T1), 'loc': array([-0.1074    ,  0.0329    ,  0.008     , -0.05491487,  0.00807885,\n",
      "       -0.99845856, -0.10156023, -0.99475247, -0.00249653, -0.99330997,\n",
      "        0.101274  ,  0.055456  ]), 'unit': 201 (FIFF_UNIT_T_M), 'unit_mul': 0 (FIFF_UNITM_NONE), 'ch_name': 'MEG0213', 'coord_frame': 1 (FIFFV_COORD_DEVICE)}, {'scanno': 14, 'logno': 212, 'kind': 1 (FIFFV_MEG_CH), 'range': 1.9073486328125e-05, 'cal': 3.250000046861601e-09, 'coil_type': 3012 (FIFFV_COIL_VV_PLANAR_T1), 'loc': array([-0.1074    ,  0.0329    ,  0.008     , -0.10156023, -0.99475247,\n",
      "       -0.00249653,  0.05491487, -0.00807885,  0.99845856, -0.99330997,\n",
      "        0.101274  ,  0.055456  ]), 'unit': 201 (FIFF_UNIT_T_M), 'unit_mul': 0 (FIFF_UNITM_NONE), 'ch_name': 'MEG0212', 'coord_frame': 1 (FIFFV_COORD_DEVICE)}, {'scanno': 15, 'logno': 211, 'kind': 1 (FIFFV_MEG_CH), 'range': 1.9073486328125e-05, 'cal': 4.1400001482561066e-11, 'coil_type': 3024 (FIFFV_COIL_VV_MAG_T3), 'loc': array([-0.1074    ,  0.0329    ,  0.008     , -0.05491487,  0.00807885,\n",
      "       -0.99845856, -0.10156023, -0.99475247, -0.00249653, -0.99330997,\n",
      "        0.101274  ,  0.055456  ]), 'unit': 112 (FIFF_UNIT_T), 'unit_mul': 0 (FIFF_UNITM_NONE), 'ch_name': 'MEG0211', 'coord_frame': 1 (FIFFV_COORD_DEVICE)}, {'scanno': 16, 'logno': 222, 'kind': 1 (FIFFV_MEG_CH), 'range': 1.9073486328125e-05, 'cal': 3.250000046861601e-09, 'coil_type': 3012 (FIFFV_COIL_VV_PLANAR_T1), 'loc': array([-0.0989    ,  0.0403    ,  0.0413    , -0.34256759,  0.05969768,\n",
      "       -0.93765509, -0.16062999, -0.98700583, -0.00414111, -0.92567801,\n",
      "        0.149149  ,  0.347664  ]), 'unit': 201 (FIFF_UNIT_T_M), 'unit_mul': 0 (FIFF_UNITM_NONE), 'ch_name': 'MEG0222', 'coord_frame': 1 (FIFFV_COORD_DEVICE)}, {'scanno': 17, 'logno': 223, 'kind': 1 (FIFFV_MEG_CH), 'range': 1.9073486328125e-05, 'cal': -3.250000046861601e-09, 'coil_type': 3012 (FIFFV_COIL_VV_PLANAR_T1), 'loc': array([-0.0989    ,  0.0403    ,  0.0413    , -0.16062999, -0.98700583,\n",
      "       -0.00414111,  0.34256759, -0.05969768,  0.93765509, -0.92567801,\n",
      "        0.149149  ,  0.347664  ]), 'unit': 201 (FIFF_UNIT_T_M), 'unit_mul': 0 (FIFF_UNITM_NONE), 'ch_name': 'MEG0223', 'coord_frame': 1 (FIFFV_COORD_DEVICE)}, {'scanno': 18, 'logno': 221, 'kind': 1 (FIFFV_MEG_CH), 'range': 1.9073486328125e-05, 'cal': 4.1400001482561066e-11, 'coil_type': 3024 (FIFFV_COIL_VV_MAG_T3), 'loc': array([-0.0989    ,  0.0403    ,  0.0413    , -0.34256759,  0.05969768,\n",
      "       -0.93765509, -0.16062999, -0.98700583, -0.00414111, -0.92567801,\n",
      "        0.149149  ,  0.347664  ]), 'unit': 112 (FIFF_UNIT_T), 'unit_mul': 0 (FIFF_UNITM_NONE), 'ch_name': 'MEG0221', 'coord_frame': 1 (FIFFV_COORD_DEVICE)}, {'scanno': 19, 'logno': 232, 'kind': 1 (FIFFV_MEG_CH), 'range': 1.9073486328125e-05, 'cal': 3.250000046861601e-09, 'coil_type': 3012 (FIFFV_COIL_VV_PLANAR_T1), 'loc': array([-0.1011    ,  0.0044    ,  0.0408    , -0.35129049,  0.00873997,\n",
      "       -0.93621296,  0.04223545, -0.9987908 , -0.02516445, -0.93531102,\n",
      "       -0.048388  ,  0.350499  ]), 'unit': 201 (FIFF_UNIT_T_M), 'unit_mul': 0 (FIFF_UNITM_NONE), 'ch_name': 'MEG0232', 'coord_frame': 1 (FIFFV_COORD_DEVICE)}, {'scanno': 20, 'logno': 233, 'kind': 1 (FIFFV_MEG_CH), 'range': 1.9073486328125e-05, 'cal': -3.250000046861601e-09, 'coil_type': 3012 (FIFFV_COIL_VV_PLANAR_T1), 'loc': array([-0.1011    ,  0.0044    ,  0.0408    ,  0.04223545, -0.9987908 ,\n",
      "       -0.02516445,  0.35129049, -0.00873997,  0.93621296, -0.93531102,\n",
      "       -0.048388  ,  0.350499  ]), 'unit': 201 (FIFF_UNIT_T_M), 'unit_mul': 0 (FIFF_UNITM_NONE), 'ch_name': 'MEG0233', 'coord_frame': 1 (FIFFV_COORD_DEVICE)}, {'scanno': 21, 'logno': 231, 'kind': 1 (FIFFV_MEG_CH), 'range': 1.9073486328125e-05, 'cal': 4.1400001482561066e-11, 'coil_type': 3024 (FIFFV_COIL_VV_MAG_T3), 'loc': array([-0.1011    ,  0.0044    ,  0.0408    , -0.35129049,  0.00873997,\n",
      "       -0.93621296,  0.04223545, -0.9987908 , -0.02516445, -0.93531102,\n",
      "       -0.048388  ,  0.350499  ]), 'unit': 112 (FIFF_UNIT_T), 'unit_mul': 0 (FIFF_UNITM_NONE), 'ch_name': 'MEG0231', 'coord_frame': 1 (FIFFV_COORD_DEVICE)}, {'scanno': 22, 'logno': 243, 'kind': 1 (FIFFV_MEG_CH), 'range': 1.9073486328125e-05, 'cal': 3.250000046861601e-09, 'coil_type': 3012 (FIFFV_COIL_VV_PLANAR_T1), 'loc': array([-0.1083    , -0.0011    ,  0.0071    , -0.0689925 , -0.01055108,\n",
      "       -0.9975611 ,  0.08353502, -0.99650937,  0.00480123, -0.99411201,\n",
      "       -0.083022  ,  0.069603  ]), 'unit': 201 (FIFF_UNIT_T_M), 'unit_mul': 0 (FIFF_UNITM_NONE), 'ch_name': 'MEG0243', 'coord_frame': 1 (FIFFV_COORD_DEVICE)}, {'scanno': 23, 'logno': 242, 'kind': 1 (FIFFV_MEG_CH), 'range': 1.9073486328125e-05, 'cal': 3.250000046861601e-09, 'coil_type': 3012 (FIFFV_COIL_VV_PLANAR_T1), 'loc': array([-0.1083    , -0.0011    ,  0.0071    ,  0.08353502, -0.99650937,\n",
      "        0.00480123,  0.0689925 ,  0.01055108,  0.9975611 , -0.99411201,\n",
      "       -0.083022  ,  0.069603  ]), 'unit': 201 (FIFF_UNIT_T_M), 'unit_mul': 0 (FIFF_UNITM_NONE), 'ch_name': 'MEG0242', 'coord_frame': 1 (FIFFV_COORD_DEVICE)}, {'scanno': 24, 'logno': 241, 'kind': 1 (FIFFV_MEG_CH), 'range': 1.9073486328125e-05, 'cal': 4.1400001482561066e-11, 'coil_type': 3024 (FIFFV_COIL_VV_MAG_T3), 'loc': array([-0.1083    , -0.0011    ,  0.0071    , -0.0689925 , -0.01055108,\n",
      "       -0.9975611 ,  0.08353502, -0.99650937,  0.00480123, -0.99411201,\n",
      "       -0.083022  ,  0.069603  ]), 'unit': 112 (FIFF_UNIT_T), 'unit_mul': 0 (FIFF_UNITM_NONE), 'ch_name': 'MEG0241', 'coord_frame': 1 (FIFFV_COORD_DEVICE)}, {'scanno': 25, 'logno': 313, 'kind': 1 (FIFFV_MEG_CH), 'range': 1.9073486328125e-05, 'cal': 3.250000046861601e-09, 'coil_type': 3012 (FIFFV_COIL_VV_PLANAR_T1), 'loc': array([-0.0861    ,  0.0988    ,  0.009     , -0.03373113,  0.11739144,\n",
      "       -0.9925124 , -0.48731238, -0.86892647, -0.08622495, -0.87256598,\n",
      "        0.48076999,  0.086518  ]), 'unit': 201 (FIFF_UNIT_T_M), 'unit_mul': 0 (FIFF_UNITM_NONE), 'ch_name': 'MEG0313', 'coord_frame': 1 (FIFFV_COORD_DEVICE)}, {'scanno': 26, 'logno': 312, 'kind': 1 (FIFFV_MEG_CH), 'range': 1.9073486328125e-05, 'cal': 3.250000046861601e-09, 'coil_type': 3012 (FIFFV_COIL_VV_PLANAR_T1), 'loc': array([-0.0861    ,  0.0988    ,  0.009     , -0.48731238, -0.86892647,\n",
      "       -0.08622495,  0.03373113, -0.11739144,  0.9925124 , -0.87256598,\n",
      "        0.48076999,  0.086518  ]), 'unit': 201 (FIFF_UNIT_T_M), 'unit_mul': 0 (FIFF_UNITM_NONE), 'ch_name': 'MEG0312', 'coord_frame': 1 (FIFFV_COORD_DEVICE)}, {'scanno': 27, 'logno': 311, 'kind': 1 (FIFFV_MEG_CH), 'range': 1.9073486328125e-05, 'cal': 4.1400001482561066e-11, 'coil_type': 3024 (FIFFV_COIL_VV_MAG_T3), 'loc': array([-0.0861    ,  0.0988    ,  0.009     , -0.03373113,  0.11739144,\n",
      "       -0.9925124 , -0.48731238, -0.86892647, -0.08622495, -0.87256598,\n",
      "        0.48076999,  0.086518  ]), 'unit': 112 (FIFF_UNIT_T), 'unit_mul': 0 (FIFF_UNITM_NONE), 'ch_name': 'MEG0311', 'coord_frame': 1 (FIFFV_COORD_DEVICE)}, {'scanno': 28, 'logno': 322, 'kind': 1 (FIFFV_MEG_CH), 'range': 1.9073486328125e-05, 'cal': 3.250000046861601e-09, 'coil_type': 3012 (FIFFV_COIL_VV_PLANAR_T1), 'loc': array([-0.0887    ,  0.0757    ,  0.0412    , -0.34722319,  0.11710853,\n",
      "       -0.93045425, -0.37077567, -0.92847341,  0.02150659, -0.86137301,\n",
      "        0.35245201,  0.36579999]), 'unit': 201 (FIFF_UNIT_T_M), 'unit_mul': 0 (FIFF_UNITM_NONE), 'ch_name': 'MEG0322', 'coord_frame': 1 (FIFFV_COORD_DEVICE)}, {'scanno': 29, 'logno': 323, 'kind': 1 (FIFFV_MEG_CH), 'range': 1.9073486328125e-05, 'cal': -3.250000046861601e-09, 'coil_type': 3012 (FIFFV_COIL_VV_PLANAR_T1), 'loc': array([-0.0887    ,  0.0757    ,  0.0412    , -0.37077567, -0.92847341,\n",
      "        0.02150659,  0.34722319, -0.11710853,  0.93045425, -0.86137301,\n",
      "        0.35245201,  0.36579999]), 'unit': 201 (FIFF_UNIT_T_M), 'unit_mul': 0 (FIFF_UNITM_NONE), 'ch_name': 'MEG0323', 'coord_frame': 1 (FIFFV_COORD_DEVICE)}, {'scanno': 30, 'logno': 321, 'kind': 1 (FIFFV_MEG_CH), 'range': 1.9073486328125e-05, 'cal': 4.1400001482561066e-11, 'coil_type': 3024 (FIFFV_COIL_VV_MAG_T3), 'loc': array([-0.0887    ,  0.0757    ,  0.0412    , -0.34722319,  0.11710853,\n",
      "       -0.93045425, -0.37077567, -0.92847341,  0.02150659, -0.86137301,\n",
      "        0.35245201,  0.36579999]), 'unit': 112 (FIFF_UNIT_T), 'unit_mul': 0 (FIFF_UNITM_NONE), 'ch_name': 'MEG0321', 'coord_frame': 1 (FIFFV_COORD_DEVICE)}, {'scanno': 31, 'logno': 333, 'kind': 1 (FIFFV_MEG_CH), 'range': 1.9073486328125e-05, 'cal': 3.250000046861601e-09, 'coil_type': 3012 (FIFFV_COIL_VV_PLANAR_T1), 'loc': array([-0.0702    ,  0.0758    ,  0.0707    , -0.59116185,  0.2274414 ,\n",
      "       -0.77381992, -0.39073947, -0.92012417,  0.02801009, -0.705607  ,\n",
      "        0.31890199,  0.63278502]), 'unit': 201 (FIFF_UNIT_T_M), 'unit_mul': 0 (FIFF_UNITM_NONE), 'ch_name': 'MEG0333', 'coord_frame': 1 (FIFFV_COORD_DEVICE)}, {'scanno': 32, 'logno': 332, 'kind': 1 (FIFFV_MEG_CH), 'range': 1.9073486328125e-05, 'cal': 3.250000046861601e-09, 'coil_type': 3012 (FIFFV_COIL_VV_PLANAR_T1), 'loc': array([-0.0702    ,  0.0758    ,  0.0707    , -0.39073947, -0.92012417,\n",
      "        0.02801009,  0.59116185, -0.2274414 ,  0.77381992, -0.705607  ,\n",
      "        0.31890199,  0.63278502]), 'unit': 201 (FIFF_UNIT_T_M), 'unit_mul': 0 (FIFF_UNITM_NONE), 'ch_name': 'MEG0332', 'coord_frame': 1 (FIFFV_COORD_DEVICE)}, {'scanno': 33, 'logno': 331, 'kind': 1 (FIFFV_MEG_CH), 'range': 1.9073486328125e-05, 'cal': 4.1400001482561066e-11, 'coil_type': 3024 (FIFFV_COIL_VV_MAG_T3), 'loc': array([-0.0702    ,  0.0758    ,  0.0707    , -0.59116185,  0.2274414 ,\n",
      "       -0.77381992, -0.39073947, -0.92012417,  0.02801009, -0.705607  ,\n",
      "        0.31890199,  0.63278502]), 'unit': 112 (FIFF_UNIT_T), 'unit_mul': 0 (FIFF_UNITM_NONE), 'ch_name': 'MEG0331', 'coord_frame': 1 (FIFFV_COORD_DEVICE)}, {'scanno': 34, 'logno': 343, 'kind': 1 (FIFFV_MEG_CH), 'range': 1.9073486328125e-05, 'cal': 3.250000046861601e-09, 'coil_type': 3012 (FIFFV_COIL_VV_PLANAR_T1), 'loc': array([-0.1003    ,  0.0659    ,  0.0081    , -0.06894588,  0.0256505 ,\n",
      "       -0.99729061, -0.29055741, -0.95684659, -0.00453091, -0.954368  ,\n",
      "        0.28945899,  0.073425  ]), 'unit': 201 (FIFF_UNIT_T_M), 'unit_mul': 0 (FIFF_UNITM_NONE), 'ch_name': 'MEG0343', 'coord_frame': 1 (FIFFV_COORD_DEVICE)}, {'scanno': 35, 'logno': 342, 'kind': 1 (FIFFV_MEG_CH), 'range': 1.9073486328125e-05, 'cal': 3.250000046861601e-09, 'coil_type': 3012 (FIFFV_COIL_VV_PLANAR_T1), 'loc': array([-0.1003    ,  0.0659    ,  0.0081    , -0.29055741, -0.95684659,\n",
      "       -0.00453091,  0.06894588, -0.0256505 ,  0.99729061, -0.954368  ,\n",
      "        0.28945899,  0.073425  ]), 'unit': 201 (FIFF_UNIT_T_M), 'unit_mul': 0 (FIFF_UNITM_NONE), 'ch_name': 'MEG0342', 'coord_frame': 1 (FIFFV_COORD_DEVICE)}, {'scanno': 36, 'logno': 341, 'kind': 1 (FIFFV_MEG_CH), 'range': 1.9073486328125e-05, 'cal': 4.1400001482561066e-11, 'coil_type': 3024 (FIFFV_COIL_VV_MAG_T3), 'loc': array([-0.1003    ,  0.0659    ,  0.0081    , -0.06894588,  0.0256505 ,\n",
      "       -0.99729061, -0.29055741, -0.95684659, -0.00453091, -0.954368  ,\n",
      "        0.28945899,  0.073425  ]), 'unit': 112 (FIFF_UNIT_T), 'unit_mul': 0 (FIFF_UNITM_NONE), 'ch_name': 'MEG0341', 'coord_frame': 1 (FIFFV_COORD_DEVICE)}, {'scanno': 37, 'logno': 413, 'kind': 1 (FIFFV_MEG_CH), 'range': 1.9073486328125e-05, 'cal': 3.250000046861601e-09, 'coil_type': 3012 (FIFFV_COIL_VV_PLANAR_T1), 'loc': array([-0.0808    ,  0.0413    ,  0.072     , -0.6414696 ,  0.04888194,\n",
      "       -0.76558912, -0.13837047, -0.98905271,  0.0527676 , -0.75457001,\n",
      "        0.13978501,  0.64115798]), 'unit': 201 (FIFF_UNIT_T_M), 'unit_mul': 0 (FIFF_UNITM_NONE), 'ch_name': 'MEG0413', 'coord_frame': 1 (FIFFV_COORD_DEVICE)}, {'scanno': 38, 'logno': 412, 'kind': 1 (FIFFV_MEG_CH), 'range': 1.9073486328125e-05, 'cal': 3.250000046861601e-09, 'coil_type': 3012 (FIFFV_COIL_VV_PLANAR_T1), 'loc': array([-0.0808    ,  0.0413    ,  0.072     , -0.13837047, -0.98905271,\n",
      "        0.0527676 ,  0.6414696 , -0.04888194,  0.76558912, -0.75457001,\n",
      "        0.13978501,  0.64115798]), 'unit': 201 (FIFF_UNIT_T_M), 'unit_mul': 0 (FIFF_UNITM_NONE), 'ch_name': 'MEG0412', 'coord_frame': 1 (FIFFV_COORD_DEVICE)}, {'scanno': 39, 'logno': 411, 'kind': 1 (FIFFV_MEG_CH), 'range': 1.9073486328125e-05, 'cal': 4.1400001482561066e-11, 'coil_type': 3024 (FIFFV_COIL_VV_MAG_T3), 'loc': array([-0.0808    ,  0.0413    ,  0.072     , -0.6414696 ,  0.04888194,\n",
      "       -0.76558912, -0.13837047, -0.98905271,  0.0527676 , -0.75457001,\n",
      "        0.13978501,  0.64115798]), 'unit': 112 (FIFF_UNIT_T), 'unit_mul': 0 (FIFF_UNITM_NONE), 'ch_name': 'MEG0411', 'coord_frame': 1 (FIFFV_COORD_DEVICE)}, {'scanno': 40, 'logno': 422, 'kind': 1 (FIFFV_MEG_CH), 'range': 1.9073486328125e-05, 'cal': 3.250000046861601e-09, 'coil_type': 3012 (FIFFV_COIL_VV_PLANAR_T1), 'loc': array([-0.0526    ,  0.0406    ,  0.0952    , -0.87531137, -0.01959225,\n",
      "       -0.48316953, -0.05645209, -0.98821127,  0.14230855, -0.48025799,\n",
      "        0.15184499,  0.86388201]), 'unit': 201 (FIFF_UNIT_T_M), 'unit_mul': 0 (FIFF_UNITM_NONE), 'ch_name': 'MEG0422', 'coord_frame': 1 (FIFFV_COORD_DEVICE)}, {'scanno': 41, 'logno': 423, 'kind': 1 (FIFFV_MEG_CH), 'range': 1.9073486328125e-05, 'cal': -3.250000046861601e-09, 'coil_type': 3012 (FIFFV_COIL_VV_PLANAR_T1), 'loc': array([-0.0526    ,  0.0406    ,  0.0952    , -0.05645209, -0.98821127,\n",
      "        0.14230855,  0.87531137,  0.01959225,  0.48316953, -0.48025799,\n",
      "        0.15184499,  0.86388201]), 'unit': 201 (FIFF_UNIT_T_M), 'unit_mul': 0 (FIFF_UNITM_NONE), 'ch_name': 'MEG0423', 'coord_frame': 1 (FIFFV_COORD_DEVICE)}, {'scanno': 42, 'logno': 421, 'kind': 1 (FIFFV_MEG_CH), 'range': 1.9073486328125e-05, 'cal': 4.1400001482561066e-11, 'coil_type': 3024 (FIFFV_COIL_VV_MAG_T3), 'loc': array([-0.0526    ,  0.0406    ,  0.0952    , -0.87531137, -0.01959225,\n",
      "       -0.48316953, -0.05645209, -0.98821127,  0.14230855, -0.48025799,\n",
      "        0.15184499,  0.86388201]), 'unit': 112 (FIFF_UNIT_T), 'unit_mul': 0 (FIFF_UNITM_NONE), 'ch_name': 'MEG0421', 'coord_frame': 1 (FIFFV_COORD_DEVICE)}, {'scanno': 43, 'logno': 432, 'kind': 1 (FIFFV_MEG_CH), 'range': 1.9073486328125e-05, 'cal': 3.250000046861601e-09, 'coil_type': 3012 (FIFFV_COIL_VV_PLANAR_T1), 'loc': array([-0.0537    ,  0.0059    ,  0.0969    , -0.86945468, -0.01775683,\n",
      "       -0.49351624,  0.02700124, -0.99956572, -0.01176887, -0.493141  ,\n",
      "       -0.023549  ,  0.86962998]), 'unit': 201 (FIFF_UNIT_T_M), 'unit_mul': 0 (FIFF_UNITM_NONE), 'ch_name': 'MEG0432', 'coord_frame': 1 (FIFFV_COORD_DEVICE)}, {'scanno': 44, 'logno': 433, 'kind': 1 (FIFFV_MEG_CH), 'range': 1.9073486328125e-05, 'cal': -3.250000046861601e-09, 'coil_type': 3012 (FIFFV_COIL_VV_PLANAR_T1), 'loc': array([-0.0537    ,  0.0059    ,  0.0969    ,  0.02700124, -0.99956572,\n",
      "       -0.01176887,  0.86945468,  0.01775683,  0.49351624, -0.493141  ,\n",
      "       -0.023549  ,  0.86962998]), 'unit': 201 (FIFF_UNIT_T_M), 'unit_mul': 0 (FIFF_UNITM_NONE), 'ch_name': 'MEG0433', 'coord_frame': 1 (FIFFV_COORD_DEVICE)}, {'scanno': 45, 'logno': 431, 'kind': 1 (FIFFV_MEG_CH), 'range': 1.9073486328125e-05, 'cal': 4.1400001482561066e-11, 'coil_type': 3024 (FIFFV_COIL_VV_MAG_T3), 'loc': array([-0.0537    ,  0.0059    ,  0.0969    , -0.86945468, -0.01775683,\n",
      "       -0.49351624,  0.02700124, -0.99956572, -0.01176887, -0.493141  ,\n",
      "       -0.023549  ,  0.86962998]), 'unit': 112 (FIFF_UNIT_T), 'unit_mul': 0 (FIFF_UNITM_NONE), 'ch_name': 'MEG0431', 'coord_frame': 1 (FIFFV_COORD_DEVICE)}, {'scanno': 46, 'logno': 443, 'kind': 1 (FIFFV_MEG_CH), 'range': 1.9073486328125e-05, 'cal': 3.250000046861601e-09, 'coil_type': 3012 (FIFFV_COIL_VV_PLANAR_T1), 'loc': array([-0.0829    ,  0.0062    ,  0.0728    , -0.64560044,  0.00223342,\n",
      "       -0.76367229,  0.04441845, -0.9982304 , -0.04043233, -0.76236802,\n",
      "       -0.060007  ,  0.64435101]), 'unit': 201 (FIFF_UNIT_T_M), 'unit_mul': 0 (FIFF_UNITM_NONE), 'ch_name': 'MEG0443', 'coord_frame': 1 (FIFFV_COORD_DEVICE)}, {'scanno': 47, 'logno': 442, 'kind': 1 (FIFFV_MEG_CH), 'range': 1.9073486328125e-05, 'cal': 3.250000046861601e-09, 'coil_type': 3012 (FIFFV_COIL_VV_PLANAR_T1), 'loc': array([-0.0829    ,  0.0062    ,  0.0728    ,  0.04441845, -0.9982304 ,\n",
      "       -0.04043233,  0.64560044, -0.00223342,  0.76367229, -0.76236802,\n",
      "       -0.060007  ,  0.64435101]), 'unit': 201 (FIFF_UNIT_T_M), 'unit_mul': 0 (FIFF_UNITM_NONE), 'ch_name': 'MEG0442', 'coord_frame': 1 (FIFFV_COORD_DEVICE)}, {'scanno': 48, 'logno': 441, 'kind': 1 (FIFFV_MEG_CH), 'range': 1.9073486328125e-05, 'cal': 4.1400001482561066e-11, 'coil_type': 3024 (FIFFV_COIL_VV_MAG_T3), 'loc': array([-0.0829    ,  0.0062    ,  0.0728    , -0.64560044,  0.00223342,\n",
      "       -0.76367229,  0.04441845, -0.9982304 , -0.04043233, -0.76236802,\n",
      "       -0.060007  ,  0.64435101]), 'unit': 112 (FIFF_UNIT_T), 'unit_mul': 0 (FIFF_UNITM_NONE), 'ch_name': 'MEG0441', 'coord_frame': 1 (FIFFV_COORD_DEVICE)}, {'scanno': 49, 'logno': 513, 'kind': 1 (FIFFV_MEG_CH), 'range': 1.9073486328125e-05, 'cal': 3.250000046861601e-09, 'coil_type': 3012 (FIFFV_COIL_VV_PLANAR_T1), 'loc': array([-0.0637    ,  0.12540001,  0.0136    ,  0.01586782,  0.22132131,\n",
      "       -0.97507185, -0.79157233, -0.59289801, -0.14747672, -0.61079502,\n",
      "        0.77423197,  0.165796  ]), 'unit': 201 (FIFF_UNIT_T_M), 'unit_mul': 0 (FIFF_UNITM_NONE), 'ch_name': 'MEG0513', 'coord_frame': 1 (FIFFV_COORD_DEVICE)}, {'scanno': 50, 'logno': 512, 'kind': 1 (FIFFV_MEG_CH), 'range': 1.9073486328125e-05, 'cal': 3.250000046861601e-09, 'coil_type': 3012 (FIFFV_COIL_VV_PLANAR_T1), 'loc': array([-0.0637    ,  0.12540001,  0.0136    , -0.79157233, -0.59289801,\n",
      "       -0.14747672, -0.01586782, -0.22132131,  0.97507185, -0.61079502,\n",
      "        0.77423197,  0.165796  ]), 'unit': 201 (FIFF_UNIT_T_M), 'unit_mul': 0 (FIFF_UNITM_NONE), 'ch_name': 'MEG0512', 'coord_frame': 1 (FIFFV_COORD_DEVICE)}, {'scanno': 51, 'logno': 511, 'kind': 1 (FIFFV_MEG_CH), 'range': 1.9073486328125e-05, 'cal': 4.1400001482561066e-11, 'coil_type': 3024 (FIFFV_COIL_VV_MAG_T3), 'loc': array([-0.0637    ,  0.12540001,  0.0136    ,  0.01586782,  0.22132131,\n",
      "       -0.97507185, -0.79157233, -0.59289801, -0.14747672, -0.61079502,\n",
      "        0.77423197,  0.165796  ]), 'unit': 112 (FIFF_UNIT_T), 'unit_mul': 0 (FIFF_UNITM_NONE), 'ch_name': 'MEG0511', 'coord_frame': 1 (FIFFV_COORD_DEVICE)}, {'scanno': 52, 'logno': 523, 'kind': 1 (FIFFV_MEG_CH), 'range': 1.9073486328125e-05, 'cal': 3.250000046861601e-09, 'coil_type': 3012 (FIFFV_COIL_VV_PLANAR_T1), 'loc': array([-0.0332    ,  0.1397    ,  0.0174    ,  0.01002906,  0.22056109,\n",
      "       -0.97532153, -0.95825344, -0.27674246, -0.07242188, -0.28588501,\n",
      "        0.935287  ,  0.208562  ]), 'unit': 201 (FIFF_UNIT_T_M), 'unit_mul': 0 (FIFF_UNITM_NONE), 'ch_name': 'MEG0523', 'coord_frame': 1 (FIFFV_COORD_DEVICE)}, {'scanno': 53, 'logno': 522, 'kind': 1 (FIFFV_MEG_CH), 'range': 1.9073486328125e-05, 'cal': 3.250000046861601e-09, 'coil_type': 3012 (FIFFV_COIL_VV_PLANAR_T1), 'loc': array([-0.0332    ,  0.1397    ,  0.0174    , -0.95825344, -0.27674246,\n",
      "       -0.07242188, -0.01002906, -0.22056109,  0.97532153, -0.28588501,\n",
      "        0.935287  ,  0.208562  ]), 'unit': 201 (FIFF_UNIT_T_M), 'unit_mul': 0 (FIFF_UNITM_NONE), 'ch_name': 'MEG0522', 'coord_frame': 1 (FIFFV_COORD_DEVICE)}, {'scanno': 54, 'logno': 521, 'kind': 1 (FIFFV_MEG_CH), 'range': 1.9073486328125e-05, 'cal': 4.1400001482561066e-11, 'coil_type': 3024 (FIFFV_COIL_VV_MAG_T3), 'loc': array([-0.0332    ,  0.1397    ,  0.0174    ,  0.01002906,  0.22056109,\n",
      "       -0.97532153, -0.95825344, -0.27674246, -0.07242188, -0.28588501,\n",
      "        0.935287  ,  0.208562  ]), 'unit': 112 (FIFF_UNIT_T), 'unit_mul': 0 (FIFF_UNITM_NONE), 'ch_name': 'MEG0521', 'coord_frame': 1 (FIFFV_COORD_DEVICE)}, {'scanno': 55, 'logno': 532, 'kind': 1 (FIFFV_MEG_CH), 'range': 1.9073486328125e-05, 'cal': 3.250000046861601e-09, 'coil_type': 3012 (FIFFV_COIL_VV_PLANAR_T1), 'loc': array([-0.0337    ,  0.1274    ,  0.0485    , -0.05218522,  0.46973395,\n",
      "       -0.88128167, -0.96180725, -0.26107728, -0.08225178, -0.26861301,\n",
      "        0.84332502,  0.465444  ]), 'unit': 201 (FIFF_UNIT_T_M), 'unit_mul': 0 (FIFF_UNITM_NONE), 'ch_name': 'MEG0532', 'coord_frame': 1 (FIFFV_COORD_DEVICE)}, {'scanno': 56, 'logno': 533, 'kind': 1 (FIFFV_MEG_CH), 'range': 1.9073486328125e-05, 'cal': -3.250000046861601e-09, 'coil_type': 3012 (FIFFV_COIL_VV_PLANAR_T1), 'loc': array([-0.0337    ,  0.1274    ,  0.0485    , -0.96180725, -0.26107728,\n",
      "       -0.08225178,  0.05218522, -0.46973395,  0.88128167, -0.26861301,\n",
      "        0.84332502,  0.465444  ]), 'unit': 201 (FIFF_UNIT_T_M), 'unit_mul': 0 (FIFF_UNITM_NONE), 'ch_name': 'MEG0533', 'coord_frame': 1 (FIFFV_COORD_DEVICE)}, {'scanno': 57, 'logno': 531, 'kind': 1 (FIFFV_MEG_CH), 'range': 1.9073486328125e-05, 'cal': 4.1400001482561066e-11, 'coil_type': 3024 (FIFFV_COIL_VV_MAG_T3), 'loc': array([-0.0337    ,  0.1274    ,  0.0485    , -0.05218522,  0.46973395,\n",
      "       -0.88128167, -0.96180725, -0.26107728, -0.08225178, -0.26861301,\n",
      "        0.84332502,  0.465444  ]), 'unit': 112 (FIFF_UNIT_T), 'unit_mul': 0 (FIFF_UNITM_NONE), 'ch_name': 'MEG0531', 'coord_frame': 1 (FIFFV_COORD_DEVICE)}, {'scanno': 58, 'logno': 542, 'kind': 1 (FIFFV_MEG_CH), 'range': 1.9073486328125e-05, 'cal': 3.250000046861601e-09, 'coil_type': 3012 (FIFFV_COIL_VV_PLANAR_T1), 'loc': array([-0.0672    ,  0.1089    ,  0.0443    , -0.1773885 ,  0.38336673,\n",
      "       -0.90632111, -0.70666629, -0.6906358 , -0.15377024, -0.68493497,\n",
      "        0.61323601,  0.393446  ]), 'unit': 201 (FIFF_UNIT_T_M), 'unit_mul': 0 (FIFF_UNITM_NONE), 'ch_name': 'MEG0542', 'coord_frame': 1 (FIFFV_COORD_DEVICE)}, {'scanno': 59, 'logno': 543, 'kind': 1 (FIFFV_MEG_CH), 'range': 1.9073486328125e-05, 'cal': -3.250000046861601e-09, 'coil_type': 3012 (FIFFV_COIL_VV_PLANAR_T1), 'loc': array([-0.0672    ,  0.1089    ,  0.0443    , -0.70666629, -0.6906358 ,\n",
      "       -0.15377024,  0.1773885 , -0.38336673,  0.90632111, -0.68493497,\n",
      "        0.61323601,  0.393446  ]), 'unit': 201 (FIFF_UNIT_T_M), 'unit_mul': 0 (FIFF_UNITM_NONE), 'ch_name': 'MEG0543', 'coord_frame': 1 (FIFFV_COORD_DEVICE)}, {'scanno': 60, 'logno': 541, 'kind': 1 (FIFFV_MEG_CH), 'range': 1.9073486328125e-05, 'cal': 4.1400001482561066e-11, 'coil_type': 3024 (FIFFV_COIL_VV_MAG_T3), 'loc': array([-0.0672    ,  0.1089    ,  0.0443    , -0.1773885 ,  0.38336673,\n",
      "       -0.90632111, -0.70666629, -0.6906358 , -0.15377024, -0.68493497,\n",
      "        0.61323601,  0.393446  ]), 'unit': 112 (FIFF_UNIT_T), 'unit_mul': 0 (FIFF_UNITM_NONE), 'ch_name': 'MEG0541', 'coord_frame': 1 (FIFFV_COORD_DEVICE)}, {'scanno': 61, 'logno': 613, 'kind': 1 (FIFFV_MEG_CH), 'range': 1.9073486328125e-05, 'cal': 3.250000046861601e-09, 'coil_type': 3012 (FIFFV_COIL_VV_PLANAR_T1), 'loc': array([-0.0358    ,  0.1048    ,  0.075     , -0.00793353,  0.76756144,\n",
      "       -0.6409266 , -0.95677084, -0.19211718, -0.21827386, -0.29067799,\n",
      "        0.61149698,  0.73591697]), 'unit': 201 (FIFF_UNIT_T_M), 'unit_mul': 0 (FIFF_UNITM_NONE), 'ch_name': 'MEG0613', 'coord_frame': 1 (FIFFV_COORD_DEVICE)}, {'scanno': 62, 'logno': 612, 'kind': 1 (FIFFV_MEG_CH), 'range': 1.9073486328125e-05, 'cal': 3.250000046861601e-09, 'coil_type': 3012 (FIFFV_COIL_VV_PLANAR_T1), 'loc': array([-0.0358    ,  0.1048    ,  0.075     , -0.95677084, -0.19211718,\n",
      "       -0.21827386,  0.00793353, -0.76756144,  0.6409266 , -0.29067799,\n",
      "        0.61149698,  0.73591697]), 'unit': 201 (FIFF_UNIT_T_M), 'unit_mul': 0 (FIFF_UNITM_NONE), 'ch_name': 'MEG0612', 'coord_frame': 1 (FIFFV_COORD_DEVICE)}, {'scanno': 63, 'logno': 611, 'kind': 1 (FIFFV_MEG_CH), 'range': 1.9073486328125e-05, 'cal': 4.1400001482561066e-11, 'coil_type': 3024 (FIFFV_COIL_VV_MAG_T3), 'loc': array([-0.0358    ,  0.1048    ,  0.075     , -0.00793353,  0.76756144,\n",
      "       -0.6409266 , -0.95677084, -0.19211718, -0.21827386, -0.29067799,\n",
      "        0.61149698,  0.73591697]), 'unit': 112 (FIFF_UNIT_T), 'unit_mul': 0 (FIFF_UNITM_NONE), 'ch_name': 'MEG0611', 'coord_frame': 1 (FIFFV_COORD_DEVICE)}, {'scanno': 64, 'logno': 622, 'kind': 1 (FIFFV_MEG_CH), 'range': 1.9073486328125e-05, 'cal': 3.250000046861601e-09, 'coil_type': 3012 (FIFFV_COIL_VV_PLANAR_T1), 'loc': array([ 9.99999975e-05,  7.75000006e-02,  9.66999978e-02,  1.99670118e-04,\n",
      "        9.18724060e-01, -3.95026743e-01, -9.99999821e-01,  2.71660465e-05,\n",
      "       -6.64039748e-04, -5.99000021e-04,  3.95007014e-01,  9.18672025e-01]), 'unit': 201 (FIFF_UNIT_T_M), 'unit_mul': 0 (FIFF_UNITM_NONE), 'ch_name': 'MEG0622', 'coord_frame': 1 (FIFFV_COORD_DEVICE)}, {'scanno': 65, 'logno': 623, 'kind': 1 (FIFFV_MEG_CH), 'range': 1.9073486328125e-05, 'cal': -3.250000046861601e-09, 'coil_type': 3012 (FIFFV_COIL_VV_PLANAR_T1), 'loc': array([ 9.99999975e-05,  7.75000006e-02,  9.66999978e-02, -9.99999821e-01,\n",
      "        2.71660465e-05, -6.64039748e-04, -1.99670118e-04, -9.18724060e-01,\n",
      "        3.95026743e-01, -5.99000021e-04,  3.95007014e-01,  9.18672025e-01]), 'unit': 201 (FIFF_UNIT_T_M), 'unit_mul': 0 (FIFF_UNITM_NONE), 'ch_name': 'MEG0623', 'coord_frame': 1 (FIFFV_COORD_DEVICE)}, {'scanno': 66, 'logno': 621, 'kind': 1 (FIFFV_MEG_CH), 'range': 1.9073486328125e-05, 'cal': 4.1400001482561066e-11, 'coil_type': 3024 (FIFFV_COIL_VV_MAG_T3), 'loc': array([ 9.99999975e-05,  7.75000006e-02,  9.66999978e-02,  1.99670118e-04,\n",
